1	120035434	142535434	heteroomatin
1	121535434	124535434	centromere
1	0		10000		telomere
1	249240621	249250621	telomere
2	90545103	91545103	heteroomatin
2	92326171	95326171	centromere
2	0		10000		telomere
2	243189373	243199373	telomere
3	90504854	93504854	centromere
3	0		10000		telomere
3	198012430	198022430	telomere
4	49660117	52660117	centromere
4	0		10000		telomere
4	191144276	191154276	telomere
5	46405641	49405641	centromere
5	0		10000		telomere
5	180905260	180915260	telomere
6	0		10000		telomere
6	58830166	61830166	centromere
6	171105067	171115067	telomere
7	58054331	61054331	centromere
7	61310513	61360513	heteroomatin
7	0		10000		telomere
7	61917157	61967157	heteroomatin
7	159128663	159138663	telomere
8	43838887	46838887	centromere
8	0		10000		telomere
8	146354022	146364022	telomere
9	0		10000		telomere
9	47367679	50367679	centromere
9	50367679	65367679	heteroomatin
9	141203431	141213431	telomere
X	0		10000		telomere
X	58632012	61632012	centromere
X	155260560	155270560	telomere
Y	0		10000		telomere
Y	10104553	13104553	centromere
Y	28819361	58819361	heteroomatin
Y	59363566	59373566	telomere
10	39254935	42254935	centromere
10	135524747	135534747	telomere
10	0		10000		telomere
11	51644205	54644205	centromere
11	50833853	51040853	heteroomatin
11	134996516	135006516	telomere
11	0		10000		telomere
12	0		10000		telomere
12	34856694	37856694	centromere
12	133841895	133851895	telomere
13	10000		16000000	short_arm
13	16000000	19000000	centromere
13	19000000	19020000	heteroomatin
13	0		10000		telomere
13	115159878	115169878	telomere
14	0		10000		telomere
14	10000		16000000	short_arm
14	16000000	19000000	centromere
14	105039540	108349540	telomere
15	10000		17000000	short_arm
15	17000000	20000000	centromere
15	0		10000		telomere
15	102521392	102531392	telomere
16	38335801	46335801	heteroomatin
16	35335801	38335801	centromere
16	0		10000		telomere
16	90344753	90354753	telomere
17	22263006	25263006	centromere
18	15460898	18460898	centromere
18	0		10000		telomere
18	78067248	78077248	telomere
19	0		10000		telomere
19	24631782	24681782	heteroomatin
19	24681782	27681782	centromere
19	27681782	27731782	heteroomatin
19	59118983	59128983	telomere
20	0		10000		telomere
20	26369569	29369569	centromere
20	63015520	63025520	telomere
21	10000		5211193		short_arm
21	11288129	14288129	centromere
21	11238129	11288129	heteroomatin
21	0		10000		telomere
21	48119895	48129895	telomere
22	0		10000		telomere
22	10000		13000000	short_arm
22	13000000	16000000	centromere
22	51294566	51304566	telomere
